ISS (ZARYA)             
1 25544U 98067A   20080.22596065  .00046382  00000-0  84751-3 0  9996
2 25544  51.6424  68.6333 0004949  35.5369 148.9813 15.48909038218226
NSIGHT                  
1 42726U 98067MF  20080.06386099  .00155165  20682-4  37559-3 0  9999
2 42726  51.6279 323.0245 0005497 188.9904 171.1007 15.96007157161349
KESTREL EYE IIM (KE2M)  
1 42982U 98067NE  20080.08028784  .00015925  00000-0  14700-3 0  9999
2 42982  51.6364  16.9212 0004518 106.6913 253.4580 15.67763958137046
ASTERIA                 
1 43020U 98067NH  20080.02759450  .00175737  23214-4  44205-3 0  9995
2 43020  51.6432 336.0337 0002402 210.6862 149.4006 15.95275786133354
DELLINGR (RBLE)         
1 43021U 98067NJ  20080.04464451  .00014401  00000-0  13038-3 0  9996
2 43021  51.6376  15.9977 0002683  86.0774 274.0530 15.68345156132820
1KUNS-PF                
1 43466U 98067NP  20080.02360895  .00090276  00000-0  38888-3 0  9998
2 43466  51.6319   2.8490 0003288 140.7432 219.3810 15.84240641106258
UBAKUSAT                
1 43467U 98067NQ  20080.10889585  .00028022  00000-0  22304-3 0  9996
2 43467  51.6352  20.0933 0002397  76.4389 283.6876 15.70970213106049
CUBERRT                 
1 43546U 98067NU  20079.23553032  .00015211  00000-0  12733-3 0  9992
2 43546  51.6364  23.2750 0004560  97.7401 262.4115 15.70208674 96052
TEMPEST-D               
1 43547U 98067NV  20080.09605987  .00006174  00000-0  77786-4 0  9994
2 43547  51.6377  42.6076 0005959  77.9045 282.2616 15.61119775 95553
RAINCUBE                
1 43548U 98067NW  20080.14359029  .00029208  00000-0  24439-3 0  9993
2 43548  51.6352  27.0670 0005621 101.7562 258.4066 15.69728030 96216
HALOSAT                 
1 43549U 98067NX  20079.34784006  .00032840  00000-0  27998-3 0  9990
2 43549  51.6369  31.5563 0005164  97.6594 262.4990 15.69210736 95642
RADIX                   
1 43550U 98067NY  20080.06184962  .00345852  61024-4  69592-3 0  9991
2 43550  51.6279 359.8977 0006500 166.4725 193.6460 15.99104567 96583
ENDUROSAT ONE           
1 43551U 98067NZ  20080.05600719  .00043601  00000-0  30311-3 0  9991
2 43551  51.6339  20.4671 0005731 115.1775 244.9818 15.73928727 96260
EQUISAT                 
1 43552U 98067PA  20079.28554857  .00032970  00000-0  27422-3 0  9992
2 43552  51.6373  30.4307 0006083 104.9985 255.1686 15.69802991 96026
RADSAT-G                
1 43553U 98067PB  20079.23485602  .00020525  00000-0  19731-3 0  9996
2 43553  51.6410  36.2091 0006362  99.2229 260.9487 15.66534082 95998
1998-067PC              
1 43554U 98067PC  20079.22744845  .00051024  00000-0  33758-3 0  9996
2 43554  51.6340  23.1740 0005795 112.0790 248.0825 15.75006404 95695
AEROCUBE 12A            
1 43556U 18046C   20079.80243585  .00001976  00000-0  80475-4 0  9996
2 43556  51.6421 176.2363 0008000 337.6137  22.4493 15.29509460 93658
AEROCUBE 12B            
1 43557U 18046D   20079.97843384  .00000586  00000-0  32850-4 0  9998
2 43557  51.6424 175.9026 0008096 338.6180  21.4461 15.29271608 93629
LEMUR-2-VU              
1 43558U 18046E   20079.96483158  .00002072  00000-0  81202-4 0  9994
2 43558  51.6409 172.8908 0007289 342.4419  17.6309 15.30573674 93706
LEMUR-2-ALEXANDER       
1 43559U 18046F   20078.69683437  .00003329  00000-0  12257-3 0  9995
2 43559  51.6403 178.6860 0007139 337.5339  22.5328 15.30699477 93292
LEMUR-2-YUASA           
1 43560U 18046G   20077.82526427  .00003720  00000-0  13640-3 0  9998
2 43560  51.6412 183.3488 0007506 347.7454  12.3342 15.30489243 93372
LEMUR-2-TOMHENDERSON    
1 43561U 18046H   20079.85418332  .00002431  00000-0  93591-4 0  9991
2 43561  51.6415 173.6448 0007655 353.9153   6.1733 15.30413272 93244
SIRIUSSAT-1             
1 43595U 98067PG  20079.59096237  .00033667  00000-0  28129-3 0  9995
2 43595  51.6344  31.5984 0003921  86.7495 273.3951 15.69694444 90882
SIRIUSSAT-2             
1 43596U 98067PH  20079.20104036  .00034711  00000-0  29123-3 0  9997
2 43596  51.6352  34.3111 0004374  82.5503 277.5991 15.69575653 90815
TANUSHA-3               
1 43597U 98067PJ  20079.75968832  .00061641  00000-0  40073-3 0  9999
2 43597  51.6327  23.6273 0004271 105.0933 255.0539 15.75341450 91006
1998-067PK              
1 43598U 98067PK  20079.69481688  .00067870  00000-0  42691-3 0  9990
2 43598  51.6319  23.2334 0004231 103.6445 256.5027 15.76057849 91005
1998-067PN              
1 43638U 98067PN  20079.19409004  .00013490  00000-0  15596-3 0  9995
2 43638  51.6370  47.8208 0003210  63.2722 296.8600 15.62208058 82553
1998-067PP              
1 43639U 98067PP  20079.59406259  .00022170  00000-0  21979-3 0  9996
2 43639  51.6373  40.0053 0005190  66.7487 293.4055 15.65713024 82706
STARS-ME                
1 43640U 98067PQ  20079.62893196  .00017190  00000-0  18744-3 0  9994
2 43640  51.6362  43.1983 0005396  59.3094 300.8432 15.63486503 82666
ISS DEB (SEDA-AP)       
1 43870U 98067PU  20079.66081905  .00003788  00000-0  57947-4 0  9997
2 43870  51.6421  56.2216 0005063  76.2631 283.8934 15.57126042 70652
CATSAT-2                
1 44029U 98067PV  20079.34160753  .00020096  00000-0  22811-3 0  9990
2 44029  51.6390  51.8645 0005028  96.7676 263.3891 15.62328365 64429
DELPHINI                
1 44030U 98067PW  20079.21527054  .00022145  00000-0  24417-3 0  9990
2 44030  51.6359  51.6972 0005138  94.2777 265.8805 15.63009232 64381
UNITE                   
1 44031U 98067PX  20080.10348168  .00010878  00000-0  14000-3 0  9995
2 44031  51.6377  51.6706 0004059  93.3120 266.8338 15.59624973 64461
TECHEDSAT 8             
1 44032U 98067PY  20080.08841657  .00216599  00000-0  79511-3 0  9990
2 44032  51.6277  26.6035 0006093 128.8413 231.3137 15.87134486 64771
CATSAT-1                
1 44033U 98067PZ  20079.21358322  .00018467  00000-0  21020-3 0  9992
2 44033  51.6393  52.5143 0004907  94.3136 265.8419 15.62321770 64312
ISS DEB                 
1 44303U 98067QA  20078.21688975  .00004411  00000-0  75313-4 0  9990
2 44303  51.6414  73.6327 0005710 357.0659   3.0297 15.53564192 45576
ISS DEB                 
1 44304U 98067QB  20078.20553395  .00018215  00000-0  24133-3 0  9997
2 44304  51.6399  69.0610 0005214 348.0799  12.0069 15.58332189 45646
ISS DEB                 
1 44305U 98067QC  20079.57251513  .00028882  00000-0  35410-3 0  9997
2 44305  51.6365  60.0978 0005195  46.8957 313.2470 15.60083593 45888
ISS DEB                 
1 44306U 98067QD  20080.03969660  .00005525  00000-0  92504-4 0  9997
2 44306  51.6401  64.7677 0007061 359.0559   1.0417 15.53547024 45865
RAAVANA-1               
1 44329U 98067QE  20079.33993479  .00013262  00000-0  19291-3 0  9996
2 44329  51.6394  65.3596 0007025  31.8709 328.2706 15.56084041 42961
UGUISU                  
1 44330U 98067QF  20079.66937985  .00012997  00000-0  18958-3 0  9997
2 44330  51.6394  63.8069 0007019  31.8524 328.2891 15.56029306 42990
NEPALISAT-1             
1 44331U 98067QG  20079.65509254  .00013035  00000-0  18947-3 0  9993
2 44331  51.6393  63.7142 0007082  34.2858 325.8590 15.56121045 43003
SPOOQY-1                
1 44332U 98067QH  20078.69076238  .00009936  00000-0  14658-3 0  9998
2 44332  51.6394  68.5205 0006019  33.8143 326.3231 15.56043749 42819
PINOT                   
1 44364U 98067QJ  20079.68080422  .00003394  00000-0  60128-4 0  9999
2 44364  51.6474  66.8858 0007186   0.2031 359.8953 15.53339293 41380
IOD-1 GEMS              
1 44385U 98067QK  20080.07029034  .00018684  00000-0  25584-3 0  9993
2 44385  51.6405  61.2706 0003083  15.2845 344.8240 15.57434245 40546
SWIATOWID               
1 44426U 98067QL  20080.13629802  .00017697  00000-0  23916-3 0  9995
2 44426  51.6424  60.7876 0003751  10.6903  66.6190 15.57829017 40572
KRAKSAT                 
1 44427U 98067QM  20077.96679306  .00006553  00000-0  10438-3 0  9991
2 44427  51.6432  74.2106 0004086 353.3916   6.6981 15.54600245 40244
VCC A                   
1 44428U 98067QN  20079.23403298  .00012705  00000-0  18892-3 0  9997
2 44428  51.6408  66.9316 0003345  17.5280 342.5826 15.55540482 40459
ENTRYSAT                
1 44429U 98067QP  20079.25110920  .00015506  00000-0  22368-3 0  9992
2 44429  51.6396  66.2829 0003014  13.2328 346.8742 15.56177435 40467
VCC C                   
1 44430U 98067QQ  20080.11396843  .00015914  00000-0  22343-3 0  9997
2 44430  51.6401  61.5540 0003297  27.4967 332.6199 15.56890219 39428
VCC B                   
1 44431U 98067QR  20079.23544483  .00012673  00000-0  18835-3 0  9994
2 44431  51.6409  66.9346 0003435  16.2616 343.8485 15.55555811 40396
SOYUZ-MS 15             
1 44550U 19064A   20077.56552260  .00000326  00000-0  14040-4 0  9999
2 44550  51.6443  81.7953 0006212  35.8383  61.4348 15.49248805217818
CYGNUS NG-12            
1 44701U 19071A   20077.56678873  .00007476  00000-0  23121-3 0  9996
2 44701  51.6150  86.8544 0012070  51.7843  96.0017 15.34457436 21018
ISS DEB                 
1 44788U 98067QT  20077.71000906  .00011747  00000-0  19187-3 0  9999
2 44788  51.6439  79.2199 0006101  24.7367 335.3915 15.53012920 19125
ISS DEB                 
1 44789U 98067QU  20080.16982863  .00013788  00000-0  22554-3 0  9993
2 44789  51.6436  67.1640 0007353  31.2921 328.8822 15.52795791 19496
RWASAT-1                
1 44790U 98067QV  20080.21001161 -.00000473  00000-0  00000+0 0  9990
2 44790  51.6429  67.1269 0009513  46.4128  95.4452 15.51859795 18763
AQT-D                   
1 44791U 98067QW  20080.07417513  .00006123  00000-0  10921-3 0  9991
2 44791  51.6414  68.0144 0003134  26.9842 333.1310 15.51529946 18744
NARSSCUBE-1             
1 44792U 98067QX  20080.12034845  .00009492  00000-0  16136-3 0  9997
2 44792  51.6410  67.5727 0006464  43.9714 316.1789 15.52154441 18755
PROGRESS-MS 13          
1 44833U 19085A   20077.56552260  .00000326  00000-0  14040-4 0  9996
2 44833  51.6443  81.7953 0006212  35.8383  61.4348 15.49248805217812
STPSAT-4                
1 45043U 98067QY  20077.48041380  .00001983  00000-0  43602-4 0  9990
2 45043  51.6457  82.1735 0006164  35.2913 324.8486 15.49401198  7567
CYGNUS NG-13            
1 45175U 20011A   20076.54150971  .00000310  00000-0  13750-4 0  9997
2 45175  51.6444  86.8636 0006119  31.8721 110.4107 15.49246986  4602
HARP                    
1 45256U 98067QZ  20079.21258216  .00006944  00000-0  12922-3 0  9999
2 45256  51.6421  73.5049 0008328  29.1583 330.9870 15.50055319  4503
AZTECHSAT-1             
1 45257U 98067RA  20077.72843956  .00005203  00000-0  98730-4 0  9994
2 45257  51.6420  80.8430 0008965  25.9710 334.1727 15.50092905  4274
CRYOCUBE                
1 45258U 98067RB  20079.21189863  .00005305  00000-0  10068-3 0  9991
2 45258  51.6418  73.4992 0006749  14.9705 345.1482 15.50049876  4474
1998-067RC              
1 45259U 98067RC  20077.47134481  .00007045  00000-0  13083-3 0  9997
2 45259  51.6418  82.1257 0008381  23.2410 336.8956 15.50088724  4238
PHOENIX                 
1 45260U 98067RD  20079.98256338  .00007980  00000-0  14613-3 0  9991
2 45260  51.6418  69.6474 0009207  31.0492 329.1040 15.50275566  4631
QARMAN                  
1 45261U 98067RE  20079.20881913  .00010351  00000-0  18683-3 0  9997
2 45261  51.6418  73.4796 0009072  28.9762 331.1729 15.50319562  4493
RADSAT-U                
1 45262U 98067RF  20079.21041921  .00006262  00000-0  11696-3 0  9999
2 45262  51.6421  73.4911 0008032  62.4663 297.7141 15.50150013  4517
SOCRATES                
1 45263U 98067RG  20079.21328164  .00004286  00000-0  83151-4 0  9997
2 45263  51.6421  73.5091 0008330  26.9064 333.2355 15.49955931  4534
SORTIE                  
1 45264U 98067RH  20080.05331538  .00003755  00000-0  74064-4 0  9994
2 45264  51.6422  69.3697 0008440  39.7088 320.4518 15.49869998  4638
ICS-EF                  
1 45265U 98067RJ  20077.80532832  .00002138  00000-0  46493-4 0  9993
2 45265  51.6423  80.6051 0006105  34.2054 325.9327 15.49322129  3962
DRAGON CRS-20           
1 45341U 20016A   20076.54150971  .00000310  00000-0  13750-4 0  9997
2 45341  51.6444  86.8636 0006119  31.8721 110.4107 15.49246986217658
DRAGON CRS-20 DEB       
1 45342U 20016B   20074.04062960  .26379275  12457-4  13357-2 0  9992
2 45342  51.6397  96.6770 0018945  82.8389 278.1173 16.40707414  1106
DRAGON CRS-20 DEB       
1 45343U 20016C   20073.54465776  .11872546  12273-4  18903-2 0  9990
2 45343  51.6198  99.3064 0033218  77.0231 284.0224 16.31013381  1021
